,supplier,lineitem,partsupp,nation,region,part,orders,customer
supplier,0.0,175.0,125.0,200.0,75.0,125.0,125.0,75.0
lineitem,175.0,0.0,50.0,175.0,50.0,150.0,250.0,150.0
partsupp,125.0,50.0,0.0,100.0,25.0,100.0,25.0,0.0
nation,200.0,175.0,100.0,0.0,75.0,100.0,150.0,100.0
region,75.0,50.0,25.0,75.0,0.0,50.0,50.0,50.0
part,125.0,150.0,100.0,100.0,50.0,0.0,50.0,25.0
orders,125.0,250.0,25.0,150.0,50.0,50.0,0.0,200.0
customer,75.0,150.0,0.0,100.0,50.0,25.0,200.0,0.0
